0.08282269223166634
0.28014972511404845
3.529190207156309
0.6866754617414248
1.537925980212532
1.5305705259245492
12.458536585365854
0.26160145586897177
1.0182648401826484
5.061946902654867
0.15827202414638747
0.12237822846247183
0.08306320907617504
0.861411123448067
5.852941176470588
0.4411644951140065
0.5719659797186785
2.0382377389858686
0.43818424566088116
1.6335453100158983
0.5953195565895717
1.5570469798657718
0.08390646492434663
0.21536537058271657
10.090507726269315
4.514208389715832
1.230349840981372
0.065169636319258
1.056734693877551
10.527292576419214
5.170695970695971
0.791850915982312
0.8566539158445742
0.8304394426580922
1.290001948937829
0.5307543520309478
1.0360638845955692
0.6783146067415731
0.7325435698826746
0.3802743981361636
1.4089601937339187
0.2709570173355498
2.8867528836071306
0.5249936564323776
1.6668057583976632
1.1626867577576299
0.46152518978605933
2.439161554192229
0.12424305700563792
2.101786681104494
0.2814450312049928
0.5134510298444724
1.1919081465281574
1.1521216973578863
1.3698129434530208
0.1252338946805667
1.2288494741798777
1.2611095386357203
1.799575571799104
23.346570397111915
6.6905055487053025
1.5586340206185567
1.9670466321243523
0.8295265466646499
1.5724421209858104
0.29474878778499947
2.4865269461077846
2.9858132629495215
1.0336197235711617
0.45786037167252636
0.8937578454867054
2.382156349898285
3.6134736842105264
3.2635696821515894
2.1684127815610266
0.7840494243190115
0.3986147951665193
2.9710467706013364
0.22387220159748003
15.630718954248366
0.8643356643356643
1.754971857410882
1.3319223985890654
1.745137614678899
0.4220611082340756
8.528535980148883
4.901122394441475
0.641185647425897
7.2458888018794045
0.12861658157062972
5.212121212121212
0.6051352493660186
1.1941761363636363
0.7770816491511722
0.18699061971397815
1.613282491261519
1.8384234420140322
1.0474734236202126
0.9369924024102698
1.8727907932593506
0.6901647286821705
1.2227958697378871
0.808173356602676
6.066104078762306
7.013266998341625
2.718500797448166
0.9357584355051171
2.357204486626402
0.058313965772237485
2.0639107278721784
0.8324413863404689
0.5081027450115754
2.9922033898305083
0.6178194607268465
0.4053464266230224
1.0464920879428652
0.25816761363636365
1.0127343968653792
0.16074933095450492
0.8810245687401986
2.2646536412078153
3.416575790621592
1.7447708578143362
4.971521035598705
0.6985857395403654
0.7622353937341236
0.08047191406937841
0.1304992585269402
1.8503700277520814
2.9844810863239575
0.8337273443656422
0.7650827549386012
13.606796116504855
299.3333333333333
1.1787581016098683
0.5182186234817814
0.3553245651251591
0.33200096899224807
0.0011501807426881367
0.38677589233469867
0.36258158085569253
0.04164464644329352
0.030199115044247788
1.8226134055517942
0.9647771616348326
0.1894353369763206
0.046112988894253984
23.393854748603353
1.0143852551135086
6.671804170444243
1.1478109519346633
3.554054054054054
0.04706307173808377
5.054134443783462
0.33944478972446657
1.2058757062146892
13.92
0.6600095102234903
0.5424923780487805
2.654948805460751
1.8477347034096216
0.6890405764125901
0.7274509803921568
0.9646182495344506
4.781697905181918
0.4727272727272727
0.9860529986052998
1.2738432483474977
0.9878356164383562
0.4609982713915298
0.7261794634597595
1.1051681336041526
0.06900584795321638
0.007773205304069501
1.814065180102916
0.4736660929432014
1.043838171854961
1.8469015795868773
0.03773978315262719
1.339911308203991
0.5234741784037559
0.6949938195302843
0.573929590865842
2.0324985092426955
2.164655784244145
1.874219968798752
11.046309696092619
0.6648079306071871
2.3443396226415096
0.6785909637895198
0.6033505789603351
0.39151546128290315
1.5832962138084632
0.09914480359472387
0.9573921971252567
0.8129621574597651
1.4902898117717358
1.0667911221738229
0.03482587064676617
5.191588785046729
0.9645780051150895
0.642549726648831
6.702127659574468
0.7954706298655343
0.657532675991745
0.7782145782145782
2.552319309600863
2.996242619431025
1.0085106382978724
0.9728770235728487
3.3856682769726247
1.3366120218579236
1.8695047301057317
0.1436126932465419
1.3768885259289505
12.58974358974359
1.9406175771971497
0.8666560964008245
1.979931682322801
3.101279910962716
0.08141321044546851
3.241025641025641
8.360507246376812
8.664556962025317
0.12398316970546984
0.3023103032957407
0.6256218905472637
0.9910956836703894
4.125756870051235
0.19350748161298503
0.31329582469647616
0.9215491559086395
4.141963426371511
1.353583512765303
0.2651525332616584
0.03251005169442849
0.8446231429739676
2.202771699489424
0.8569753810082064
1.1142593162919618
0.20568798678310124
0.7604765817584224
4.798283261802575
0.055784394492173706
0.43402292423818845
0.08354591836734694
0.2289820359281437
0.5065418452515227
1.3451356717405691
1.6159956176390031
4.123595505617978
0.28127965297546426
1.92660735948241
2.4937774524158125
0.31708126036484247
1.7701180994232353
1.2181907330227997
64.86259541984732
24.504347826086956
0.5785485971350776
0.2912889239258967
0.13300970873786408
0.3150107991360691
0.9151888044396188
0.8712243254128071
2.4816132858837485
1.05404478976234
2.567765567765568
0.7667241109196302
0.7498621576916008
3.1734401831711505
0.5746411483253588
3.211160176635889
1.2309715889161699
0.4080188679245283
5.159479251423922
0.4342311305981835
0.7536952617764885
2.6290491118077326
0.900709219858156
0.5757413839166444
0.7089522807940055
6.916666666666667
1.0687616677037959
6.304837640821736
0.02337472607742878
3.0185430463576157
0.25799608355091386
1.778742374472079
1.620483726485518
0.6213528576111901
24.1318407960199
2.3778178539224526
5.96137339055794
0.5954960438222763
0.8642095053346266
0.18439800522441224
20.47906976744186
7.410805300713558
1.9722693831352576
0.04831107619795758
0.5345037371806014
1.119570368030327
0.5559562137797811
1.2410974897840046
1.7051349920592906
1.259515570934256
3.057208994708995
0.6174821996667171
1.8867218808442425
0.628420932096645
1.6716206652512384
0.05797623334533669
0.8396157587548638
1.0091572660915726
0.3333333333333333
0.03161424237585821
3.326431181485993
2.05137519460301
2.4595133625847625
1.7688688123470733
14.173076923076923
0.7430485762144053
0.9062543921293043
1.309502262443439
1.152534033131048
1.0935717988595126
0.5648994515539305
2.249568859324957
0.5053741634556885
2.272339127782861
0.7682403433476395
3.2430340557275543
2.3710027100271
1.193438362839045
0.4098961514966402
11.148867313915858
3.270943396226415
0.6132043639635587
0.059947969686687023
0.16872682323856614
0.18522319138019497
4.178264268960125
1.7240437158469946
0.4244791666666667
0.030058810716619474
0.00834707337180544
0.6074582924435721
0.5532804011700794
0.1976459798226842
5.030377668308703
3.5075584058634908
0.06886363636363636
0.4976293103448276
137.56923076923076
3.726618705035971
0.8139577259475219
1.1446888601341019
0.47171824973319104
0.9225589225589226
0.9149404453650958
0.43479835788456894
0.8980931935850486
0.41720813246698807
0.3331359194551377
0.8419037199124726
0.24724195254647122
20.92757660167131
5.075446724023825
1.2882423917415202
0.18202438332860787
0.8360544217687075
0.9058416602613374
131.97916666666666
2.391032917139614
0.7546398238439761
4.014139444173574
6.116745283018868
0.8000531420220539
1.0224644862900563
0.36371217536335476
2.1631944444444446
0.2096558808423215
0.7032113517550411
0.3425947187141217
0.6380232558139535
1.5523358959195743
36.63436123348018
2.615849777211967
0.3804774179087751
0.5200556457222351
1.291647855530474
2.478971255673222
2.346487766377269
0.7569805963085661
4.185509921550531
0.9841402337228714
0.2932752179327522
0.28231774523697056
1.3244192328471096
4.663764961915125
0.6345317637077103
2.5296224855332046
0.7565816119886594
1.837490551776266
0.44041520625505526
0.9383050113648663
1.472980997624703
5.285119667013528
1.6421391234418978
0.01778893375532031
0.0024593669803250643
0.9577721150345831
1.3549634129504349
0.052931057297869524
1.4292321924144311
0.32917244567730003
0.8197559558396281
1.6180747285109516
1.0831925675675675
1.1073480134035423
1.192858155023381
2.86301775147929
0.12761789965345788
1.042505947660587
1.3581632653061224
0.045080236486486486
0.04048140043763676
13.18716577540107
0.7773771969355565
0.6312247644683715
0.02016724053123463
0.8338988051335006
1.3155247181266263
13.761710794297352
0.8723068838675775
0.42483733452995287
0.10458742065781881
0.04780294332533139
20.389558232931726
0.182473298159825
0.7489851150202977
1.2057040197619582
0.5801228364042434
3.373919308357349
0.3208413001912046
0.3047965998785671
1.5741820537738904
0.1810121906169191
0.26745451718239777
3.2757706330792176
1.4476277095649537
4.375825627476883
0.3153503093080132
1.0376151084751053
1.7462417318099819
0.29913360693114455
0.30387540746106484
0.44924406047516197
1.9400696864111497
3.400815217391304
3.4013770757391657
2.8263845675171124
47.43971631205674
1.8532802347516244
2.304531381930763
0.41111910759265924
0.8539171141401625
0.925044404973357
15.64828897338403
2.2477148080438756
0.6074859887910328
0.9351029365659943
7.461214165261382
0.22654829393518022
0.18277800630741808
0.7631578947368421
2.489470688673876
1.0954875580426242
0.47311118442758165
1.4446243523316062
1.894077997111218
1.0498475407662733
0.8486147757255936
0.5924331898708838
1.6966982788900598
0.41179615110477547
0.719611848825332
11.942307692307692
1.876114081996435
2.3793361617169952
0.2884724588302101
0.3145933014354067
3.99541547277937
0.2585691685709263
2.1293886570095752
1.6523535752784764
0.14858705560619873
9.70757180156658
1.7361963190184049
14.675619834710744
1.9365750528541226
1.0885200553250345
1.9146735617323853
0.3638754470860509
1.848709315375982
7.883185840707965
2.518181818181818
7.1061872909699
1.4094711917916338
0.9916326968461704
0.1727904667328699
5.002497918401332
0.8879016553067186
0.48246035559827005
0.10030205186959691
0.25481347773766544
0.6798825256975036
0.865650309671272
0.05891059798697454
0.06617891586298637
0.407195097845424
2.212629161882893
0.5456896551724137
3.128040973111396
0.08236709691533581
0.45962322353200397
0.8112094395280236
1.0226594062884244
2.9978279756733275
1.2925433428715705
0.841047503045067
1.4454080498109851
4.231306081754735
0.4307419973447411
3.078181818181818
2.2203616878767582
0.7265248796147673
1.1177520071364853
0.03612565445026178
0.582530871190665
4.691446028513238
1.464705882352941
0.3626867645114373
0.11859041991981431
27.1875
2.642230576441103
0.5250200695745251
21.31896551724138
1.440620782726046
0.40667646441318495
5.293135435992578
0.7782125528251682
0.6178484880413023
1.1219590268886044
2.8884585592563905
6.807439824945296
1.9626895450917796
0.32723202528311823
0.34128753113937327
0.6558716707021792
0.2956128133704735
1.3145272867025366
1.3424697907456529
0.08707097296750026
0.6320142511769945
0.6215498938428875
1.583741429970617
0.6565766254920592
2.0075425790754258
1.330296504886533
0.4893842887473461
0.7062029587334544
0.3791384834460662
1.7042387378825319
0.7447140381282495
4.132694248234107
0.7661290322580645
0.3073933940075672
0.05904183535762483
0.8317494600431965
4.971381847914963
0.8550904136735199
5.141126589945488
0.7364488348530902
1.0914658500865397
2.0180826636050515
0.3780298321939093
0.8077326343381389
2.3520041109969165
0.7986676535899334
0.7758460517584606
2.3468130690948046
4.139879319802524
0.2318331503841932
217.25
3.135845314823996
1.2914487447698744
2.349829351535836
2.008323424494649
0.06023468057366362
0.5402750491159135
1.4305043050430504
4.102994886778671
0.18493459630130807
3.4001436781609193
0.8582492611841435
0.7455214331413947
0.12973893303064699
4.866666666666666
0.7284279317439186
0.4671714440237966
21.746951219512194
0.40042169829403873
1.3908811475409837
0.29886016124548237
1.81155390793945
1.0968899521531101
0.8977749523204068
1.5660727542687454
6.485745614035087
26.776162790697676
4.3480251860332
0.9554087530966143
0.8091971940763835
1.2057676232933965
0.5583554376657824
1.2559313478041394
0.8458010265370755
0.22431132487975514
1.268984321745058
0.11009174311926606
0.29334067143643366
0.854147465437788
0.3237795275590551
0.3584010840108401
0.29912629070691027
4.056732740943267
0.01729980381665775
0.5386538118193179
0.7217052586020342
4.341536614645858
11.242290748898679
0.1340938657059942
0.4543432939541348
1.9486875863430038
1.01572024382419
0.4765807962529274
0.23377103754392453
3.2266811279826464
0.38687686408180655
43.37440758293839
3.903011514614703
1.8621323529411764
0.9052987598647125
1.2222068584070795
0.009257940464321322
1.0547560547560548
0.18356746547042851
5.045918367346939
0.6753537735849057
0.7393088552915766
0.7364314789687924
0.47615354788677783
4.722165474974464
1.0770165208940718
0.6888954171562868
0.36596346797015694
5.26357918810749
7.029077117572693
1.3469510363472514
2.4325949367088606
0.42006079027355625
0.6761285909712722
1.4705342811281816
2.065040650406504
8.381861575178998
6.973244147157191
1.02888182299947
0.7326172158513572
0.18373216751035434
3.2017857142857142
11.128205128205128
0.23233301064859632
1.1866416978776528
0.13003048780487805
0.48150084978428553
1.444261523988711
0.13106079251784397
0.930788330229671
4.340949033391916
0.13156036714521063
0.32663920357020254
0.18267100977198697
0.3906768414067684
0.19246119733924613
1.4941682013505218
0.992809839167455
1.4611790878754172
2.1187433439829606
0.32132963988919666
0.5879341864716636
0.12442091330244871
1.132883206435857
1.8889528193325662
1.139756562545828
7.303625377643504
0.8341232227488151
2.1956114530371957
3.057234985892785
3.4429477020602217
0.9488043478260869
1.7959842237361061
2.13017968463513
0.05067664843075151
0.4849416103257529
0.8968922451350566
9.638761467889909
2.0218303946263645
0.8355376653248994
1.1242797424019886
0.8492988346829943
0.4575252663206774
1.5282208588957056
0.7372333942717855
0.06957307431669302
2.896284197631686
1.8299418604651163
0.4450808963923224
1.5038572806171648
0.09175084175084175
0.05193075898801598
0.666826923076923
3.063953488372093
0.4272351533608875
0.5730622617534943
3.382825040128411
10.383544303797468
0.9506103707022063
0.791018071211308
3.114225648213034
1.998933522929257
0.7542124542124542
0.7980039054024735
0.11311434922203013
0.6725293132328308
1.0400804289544237
0.2837009004306407
1.365649473399946
0.05959862152848165
0.6143394044521538
1.6968387536957017
0.9247648902821317
0.040482342807924204
0.8683894230769231
0.7966181861180087
1.1860291370937617
15.041935483870967
0.870295124037639
2.9519194931047337
4.676079734219269
2.070532478394201
2.875494071146245
0.14459556191839656
1.0333514591263369
0.7653411880216003
4.092778993435449
160.86666666666667
0.49831862126944093
0.19674935842600513
3.3902439024390243
1.4523456790123457
0.20910556003223207
1.1891068115557912
2.727120908483634
0.6298537569339385
0.5355216343394927
0.2668078348332451
0.6619019257494541
1.5936123348017621
0.09901605385810461
2.0014492753623188
0.5822197680839315
0.33233628885802796
0.2455836508486318
0.05811589291765503
22.46749226006192
1.6582402508328433
0.19881615598885793
0.1848779709682565
10.204326923076923
1.3038936372269705
1.4145053579748408
0.024867162592986186
1.7768090671316479
1.1903039073806079
0.278369384359401
1.4089219330855018
1.0151057401812689
2.323123382226057
0.16772074920943808
6.444199706314244
1.2903800475059382
0.8846625766871166
14.998470948012232
1.4355793090284406
0.22612108956821697
0.7087883515340614
0.264201890123585
0.9485001327316167
0.48752282410225195
6.1020408163265305
3.773049645390071
0.8163686382393398
0.4129979035639413
0.1786480686695279
1.4314019314019315
0.17204988807163415
1.1939306358381503
7.389121338912134
0.9813390751563621
2.538876889848812
1.6536710301650541
1.4568123393316195
8.626339969372129
7.697409326424871
0.8386586067933218
0.5202312138728323
1.5504173622704507
0.594341290893015
0.2851028806584362
8.53941908713693
0.13644214162348878
1.0851208716377256
0.16606170598911071
2.5659432387312187
0.09695603156708005
0.7058286608423523
0.5490953445822322
9.306034482758621
0.5329087048832272
0.8631612627986348
4.788411458333333
8.146864686468646
0.9126386687797148
0.8275357012083486
1.1864748588330196
1.7588813303099018
0.8864968305226647
1.7522861207071734
0.6383221391458623
0.6033057851239669
0.9418629323148737
1.0670072705836118
0.30790833520557176
13.36
0.6492048643592142
0.7761394101876675
1.548950399405536
0.2641509433962264
0.1538784067085954
1.1480356419603077
0.5686528497409327
1.9204737732656514
0.8054994954591322
0.15902451416232694
0.6832565284178187
1.0981709593131765
4.011904761904762
1.3462033462033463
7.0
0.36604624929498025
1.1814055838261588
0.284914998924037
0.43740300051733055
5.662309368191721
1.042627993847506
1.0452985586822237
0.32803468208092484
0.7134384002711405
0.5772135416666667
0.16143497757847533
4.254318046456224
1.5080049261083743
0.6817220834134153
1.4462061155152888
0.8117382558277128
0.417981573652441
2.025079133187241
1.1497584541062802
8.789613848202396
0.09990414314623496
2.4852163087457204
0.5235231694375663
1.67458712504213
12.11720698254364
0.9651972157772621
0.23299958281184815
0.23126990721506716
1.6389290882778582
1.9357798165137614
2.5984463698834777
0.07241189427312775
1.0990043472163793
4.899628252788104
0.8952121559633027
0.5453535727508331
2.351059410054009
1.3593878108772888
0.4382177308222324
2.8647154471544716
0.6603529918209212
4.991358024691358
2.6933935629587804
2.006485084306096
0.8075583645040629
0.7017392376958185
1.380822794941572
2.191278493557978
0.40606697702357714
0.1364245510586974
1.2145255565228206
0.25742145178764897
0.8439651216154199
0.6115884325230512
0.6871470521798058
0.4665855143031041
3.6463414634146343
1.5520601812275603
0.5469767441860465
3.1678224687933425
1.5966024915062287
0.09605704697986577
2.0085490382331987
0.21213531967721913
2.8756016290262867
1.1861780951097938
9.553571428571429
0.8504936530324401
0.20029657875225082
6.36510376633359
0.7682452528025624
1.4333561175666438
0.8732431367397872
0.8835920177383592
0.5686763686763687
0.9811727344901894
2.205199115044248
0.45970909863042786
0.8774869109947644
3.9464119291705497
2.9743034055727553
5.730141458106638
1.028934196068856
0.6605234058238113
0.42089356110381076
24.248175182481752
1.5884782608695651
0.6300281410362523
1.3261357747452065
3.71000680735194
0.4776955391078216
0.11172722982538934
0.8405797101449275
1.7935047869344847
0.9191723575578432
3.294030404152762
0.6516072980017377
0.4361587154546858
0.23968193865959864
20.88888888888889
2.165461847389558
0.9671587505348738
20.105882352941176
0.3140784149574438
4.861167002012072
1.5148796498905908
2.0321510060153494
0.8575160294466873
3.6153846153846154
0.20830608240680182
0.032079646017699116
0.9947753396029259
0.13960024984384758
0.17249029395452026
3.1505411610364056
1.427243025885901
0.8130575831305759
3.119842829076621
0.4672760511882998
0.010990282276723738
0.2603534687417568
1.3312464428002277
0.29900953092879834
0.6492673992673993
1.7636887608069165
2.6251830161054173
0.6626927562524297
0.8604193971166448
0.2731178396072013
0.7771785410161794
3.0936305732484075
0.36898817345597895
0.32887334651056715
16.681592039800996
0.1647155473403163
0.06990913949759486
4.878968253968254
1.7564290194438636
1.1513865737232913
0.7834892962440713
1.7754484982866359
2.5965374482499057
3.7902004454342983
1.5795638126009692
0.19947303161810293
1.994400235779546
2.155701754385965
0.04215042907622413
0.25953917050691244
0.20764818355640535
0.3590492889148646
0.5836130306021717
3.1312803889789302
0.5056536653538305
4.886956521739131
3.425609123898393
0.9474441248063731
1.0725552050473186
4.232939035486806
0.9580602883355177
0.926829268292683
1.1082065566745232
1.8344291691572026
1.0459183673469388
1.895096463022508
0.49980864906238043
1.1284181377639322
1.9582761998041136
0.409260642270351
2.9231678486997636
6.525224602626123
0.7791324736225088
0.700089325591782
0.8599412340842312
0.9380544279055781
1.1819750464560659
0.9294610639040857
5.130464480874317
4.061492537313433
0.7804850278947968
3.167441860465116
109.25
0.002037120869171571
0.49730989956958394
1.245723172628305
0.9509283819628647
0.7228235294117648
0.5553132194353568
0.9990909090909091
1.5758077879038939
3.631627478100507
2.7436878347360367
1.1534443356186745
0.7944776119402985
0.754111927174925
0.963855421686747
1.0701892744479495
0.2853816730417429
0.78082929456112
0.27370281530109836
1.2813141683778233
1.938198692259017
2.7010968921389398
0.3288888888888889
0.6877651261442286
0.9764890282131662
1.362383281458426
21.42911877394636
1.1128425577646426
1.0977738002013648
0.6724579574562869
1.140384055862671
2.4088737201365187
1.9584754262788364
0.8997792494481236
0.5940117252931323
7.522684310018904
2.614627659574468
1.6455294863665186
0.8585296216987865
1.7412973178618985
4.06195462478185
0.21017274472168906
5.730934018851757
0.04013840830449827
0.6197718631178707
1.437121012391247
0.06002369356324865
2.0308673469387757
1.0532052945756554
14.501730103806228
0.4125525791454505
9.915919282511211
2.864748201438849
0.4821600771456123
0.7071175347695664
1.699776369735371
0.1494030332365279
0.5550442477876106
2.388784038824481
1.6140667267808837
0.2263352001092747
1.0709549071618036
0.10437765436131984
3.409486931268151
0.6385038503850385
0.48693790149892935
0.008633304067895815
0.37444531453928476
2.6903225806451614
2.714678899082569
0.5837730870712401
1.0495283018867925
0.6670122944748926
2.3602251407129455
1.8856589147286822
0.20804090635652697
3.196087786259542
0.3578557630392788
1.0356958096223488
0.9556144800553378
0.8414578587699316
0.2541424338856578
5.587602783048704
707.9230769230769
0.9839457723867285
0.35108839050131924
0.4139275766016713
1.6807535641547862
0.8260869565217391
0.2675418741511996
3.379854368932039
4.879272727272728
2.018345042935207
0.5170379289584588
1.7142087300161668
2.6885245901639343
0.22971246006389776
0.4733733835658283
10.603174603174603
0.7502516356316055
2.205109126984127
0.7823591602476967
0.6046606704824202
1.2696128811236724
0.46529837465891566
5.763142692085499
0.643729743206183
0.6319983224994757
0.17633015006821282
1.1552422378881055
1.3688524590163935
1.2158076590843652
1.3190446061372982
1.0213599145603418
2.8459477561955793
0.7793909348441926
2.4095982142857144
0.49651607102719714
1.2626222310915984
2.9087013843111404
16.92887029288703
1.139796351294018
1.9653272101033294
2.34134007585335
2.30466472303207
1.1986252327080051
1.6513131313131313
0.7847189967487227
0.5476895060323241
1.6529338327091136
139.2537313432836
1.0680958385876418
1.097864077669903
0.8914247728783514
1.2797387927991528
4.362277170787809
0.06481078729882557
1.0452503209242618
1.5308970099667774
1.2849787617453983
0.4012409513960703
0.14324236867651818
20.742671009771986
1.1644870677128742
4.088112617309697
3.0752
1.9352477477477477
0.4996117007507119
7.49738219895288
0.12331989247311828
0.10401554404145077
0.7993640373371628
1.5901492000719037
0.11088985687616677
0.8636709824828637
0.8919244193043687
11.226837060702875
3.94392523364486
1.6266233766233766
2.2600783229670585
0.3359126081019572
0.9338471419396275
0.5146631439894319
0.28394673377372337
1.2562237762237762
0.7637401855817273
2.697234861743087
0.2086230876216968
25.60759493670886
0.7417972214011233
0.7912358444116199
0.7514335244699293
1.0201162270898525
0.23326771653543307
3.137642330877428
28.942708333333332
0.8598278335724534
0.2640560920756714
2.2307129798903107
1.1786290322580646
1.2639812280015643
0.009527233507100486
35.20779220779221
1.3782442748091603
1.1123052122514776
9.12116788321168
0.9244462025316456
0.5872672152446947
1.7366813060912736
0.8360148514851485
0.9992429977289932
0.8688263409453001
1.6484574572607584
0.5809370352007932
0.2987142678816627
0.8466028863304687
0.2691412613451245
0.09447451741395159
0.4931828866948754
4.997340425531915
3.7429426860564585
0.7154405820533549
1.4083760683760684
0.8074827080276672
1.065036309269543
1.0046035046035047
1.3433060109289618
0.26514611546685674
15.831715210355988
0.33753943217665616
0.6998678996036988
2.6509772636617472
4.400552486187845
1.4153196446774428
1.7337807606263982
0.1336211794114305
0.8861685214626391
0.24310372640748507
3.206526064464783
2.023605150214592
1.088123076923077
1.2176486059968437
0.6858874458874459
0.5608269858541893
1.0405076495132128
0.8019704433497536
1.0981094773260842
5.605504587155964
0.6290661070304302
11.13428120063191
0.8135549542584718
10.613532110091743
1.4371549204287106
4.2539759036144575
3.1774054982817868
1.9147034930950446
3.134920634920635
1.4183884297520661
6.513816280806572
3.885259991405243
1.05805011163483
7.926353149955634
0.4444837340876945
3.7855863921217545
1.6212529471202426
2.913743293437887
0.7328753680078508
2.1592217045765962
0.5682037430059811
0.19452292979787003
0.026656057290630596
0.243993993993994
0.5409986725211886
10.11111111111111
3.192628205128205
0.40279503105590064
0.7501681237390719
1.6205227492739593
0.8627236217597664
0.24696969696969698
0.20406278855032317
1.1499277456647399
0.2697197120539133
1.3332881355932202
0.9503568596352101
1.2190737355271175
1.3642495784148398
3.282165039929015
1.0592271578187071
4.542553191489362
1.035378662244334
9.532724505327245
0.7966586062870961
0.785521921792524
1.6169678714859437
1.5282005371530887
1.3782374979638377
0.45372655478775914
0.9837690318873887
1.0330432867055843
2.4232012934519
0.05725971370143149
0.5786802030456852
0.10606319385140905
1.6924323073362648
0.6121567417463746
0.4787467134092901
1.7169084986674563
9.716688227684347
0.8337270206429085
0.45284872298624756
0.839932956212026
0.7872278664731495
1.7911770768913626
41.47698744769875
1.543540125213432
0.6849540078843627
2.2101642254771416
0.08418693982074264
1.447396107311941
0.6166942895886696
1.108343458890239
1.5067595247849241
5.408184679958027
2.1138799571275455
0.2054585152838428
1.2179914326511185
4.337801608579088
1.5003586800573887
1.7003574910627235
1.1305154933599886
0.31421548545678
2.20199561937211
1.882746051032807
0.7288094663124849
0.43103448275862066
1.732724384432089
0.49071075507073464
0.6637710781808891
0.6264877732092621
10.39041095890411
1.7189767086674304
1.4156422590415108
0.39961256399612566
2.430363321799308
0.21536176532993848
8.258024691358024
0.2921683293200321
0.8047773518136243
0.9899930183849197
0.9154554759467759
0.21855590062111802
1.0989261308167915
1.3220799379123012
1.9336569579288025
1.019877049180328
0.9586045940302175
0.1634135270086246
0.33626177743824803
6.198484848484848
1.3865748709122203
0.03119604005985956
0.08113879003558719
2.3445945945945947
0.7314238760417889
1.1748135874067938
1.413455362877328
9.834710743801653
1.3868778280542986
0.717380436593901
0.5964467005076142
2.874932322685436
0.7454236401673641
0.017762771579565472
0.9636963696369637
2.43282594308405
0.3390191897654584
1.0666183049208076
1.341661187815034
0.19569120287253142
0.5566993726877916
6.589682539682539
1.5361967440249393
0.11366232579392278
1.5773694390715667
0.166160317831269
0.019380257693536365
1.4153798641136504
0.9888232813159005
1.021473075211393
0.214167585446527
1.8812632857576679
0.1354998099581908
6.7868988391376455
0.6552487819282445
0.605878423513694
1.4688832054560954
1.817354965585054
0.49233954451345757
0.15656023611483766
0.8819996997447831
0.7936022819885901
25.125
0.8886916835699797
1.6544009420076538
0.4276600123482198
0.6642670157068062
2.4997320471597
0.813339403596631
1.0566202090592334
0.18899443170651817
0.7767624020887729
0.8295320698147554
0.6445479962721342
1.2321162444113263
0.9132404575829652
1.258365331870543
5.619362597714973
9.322429906542055
0.6935483870967742
4.095734597156398
1.3219711004075583
2.1636641221374044
0.6953801732435033
1.4248507867607163
1.2769319161160586
2.6104947526236884
1.1324165029469548
0.08447352766210589
0.1845585973546601
0.0881154312148915
4.219910846953938
0.786296408089345
6.347490347490347
0.10957642725598526
0.08503575076608784
0.0034792693534357786
22.767281105990783
0.019344141488577746
1.0475765021219567
0.5070110701107011
0.8014948972258157
0.9114327062228654
0.08447773616312942
0.784
0.440668202764977
0.13711638679791546
1.1478681209717403
0.7229219143576826
0.7819484729568333
39.66257668711656
1.0783564261825132
0.4600567721005677
4.2487008166295475
1.0893947100712105
0.5937393089291824
2.495910780669145
28.732522796352583
0.1493473253135398
0.42130053643857124
7.901515151515151
3.951981351981352
0.4738330975954738
0.044745057232049947
0.8464619492656876
1.2003458498023716
0.5202252944188428
0.9526741054251635
0.29259259259259257
0.7842334969994544
1.0931132318803198
0.6475509214354995
0.5819620253164557
0.8165041782729805
3.052801724137931
0.25129718180893273
0.147347302719572
2.1763085399449036
1.5146818923327896
0.5883693045563549
0.7339818143370691
1.2333333333333334
2.7019982623805388
2.4631096290120884
0.1011402027027027
1.5670741919276503
0.7777000233263355
0.8272028385570668
0.21286916821229848
1.1938880328710837
0.6397935575725218
0.32484766418415706
0.7852009582113388
0.03601271036836531
0.4205794205794206
1.0108527131782945
2.4602698650674664
2.119565217391304
0.9427845651385025
0.8071260670543116
0.061459403905447074
7.892221180880974
0.6435409836065574
2.019442406456346
3.42434988179669
70.10810810810811
14.275641025641026
0.26963906581740976
0.0795425667090216
0.6567107026613057
1.2255639097744362
7.990384615384615
1.2167241379310345
1.4940295012877547
2.2391061452513967
2.397226952079786
0.6321434851415509
7.159904534606205E-4
0.16518682944876065
0.3794489092996556
2.5173858399664852
0.6581087545845957
0.19616502033701336
3.1099290780141846
0.8296418960877665
1.0022357074417119
0.8335410361402884
0.6821499668214996
0.582059533386967
0.9388043862752034
1.8364372469635628
0.16543289346636628
1.006475751906749
6.987288135593221
0.29804021379485873
0.6160299171214878
1.8151884278644843
3.7770334928229663
0.006051437216338881
0.13790514328619696
0.6506550218340611
1.3731236597569694
0.7535839259510103
0.6810205495266682
0.35132695432388517
0.0658739146847867
1.8845103394459617
1.4513684210526316
1.1330790421699513
1.727802037845706
19.285087719298247
1.7973039215686275
0.4830764581444545
15.483870967741936
1.3293921268604814
1.3626788240842636
1.0486930372426555
0.6549169554307563
16.38659793814433
7.870514820592824
1.4047957371225577
0.5333152762730228
5.540117416829745
2.2007403189066057
1.5443971166448232
0.5707715891670925
0.3370748299319728
0.6202274573517466
1.837291939405274
0.38946174468962674
0.9274691358024691
2.1362940275650844
1.944862155388471
14.011904761904763
3.4675395526459356
0.48802564586083347
0.872191712431353
1.3919846280538017
11.762376237623762
5.609415867480384
0.9757728706624605
0.22596899224806202
0.09175408312309122
0.6880213160333642
0.029735132433783108
0.28449701131883504
0.056155507559395246
0.6008350730688935
0.3258872651356994
0.33214323217473485
3.9517114914425426
0.6581476180740135
4.573429951690821
25.386554621848738
1.155107187894073
0.7166339294944691
1.0887271296478458
9.893162393162394
0.41685144124168516
0.553091922005571
1.5662957074721782
0.40307242136064375
2.8853850818677986
3.4381694255111976
1.3509649749821302
0.6792842395044735
0.379014272970562
0.6138037999224506
0.8095238095238095
3.659678546470999
0.2688398849472675
2.3823379275140377
8.22791519434629
0.2378812958146134
0.48283879539415414
12.714942528735632
0.07721439091100357
1.2008217770929634
1.541541755888651
0.1670108415074858
17.6289592760181
1.951733703190014
11.832310838445808
1.1425403225806452
2.2053449063499313
0.4241815048822516
1.3448813982521848
0.5505471338219055
2.0587226746678096
1.8613577771412202
1.1719745222929936
0.7632244710211592
0.73950233281493
0.16649214659685863
0.3589225589225589
0.8259940145361265
0.7462449756716734
1.4147058823529413
0.9827447185937752
1.0994048576483835
1.1956762749445675
0.11297864273979527
1.0946212952799121
0.8508771929824561
0.34958127549924845
1.7766116941529235
1.0959147424511546
0.9902427691950284
4.798239178283199
0.7580392156862745
1.3858632676709155
1.2187252886288154
1.6975308641975309
0.18097481961419526
2.940898345153664
0.5523393194706995
1.8209124397846415
10.422287390029325
0.7329893195727829
1.019116900693622
1.2358502954694681
0.2242252857311182
4.0325538743695555
0.6107672544668924
0.3116452548694571
1.9807121661721068
1.8710659898477158
0.5986282578875172
0.14629380876785933
0.26606631191158414
1.6687094448449893
3.7590361445783134
0.23609677789244352
3.219223173140224
1.0628053035589673
2.3491311216429698
1.2233712512926578
1.2702919473853065
0.21784276329730876
0.5651384475714935
0.684887459807074
3.346896551724138
0.5500594530321047
0.12267328487856763
0.8297792742237187
0.23771224307417338
0.380248833592535
0.5374541644840231
0.46075866579463703
0.5518518518518518
0.29728306655433867
0.37944850341739333
0.7739055793991416
1.082286321005132
1.7429710449013849
1.6201209455744914
1.5746688741721855
0.287447160448447
0.4782224838140082
0.9505870210295446
0.9429878585254267
0.6397889977392615
1.1976214574898785
15.426356589147288
2.324078624078624
1.5860436393577604
50.583333333333336
1.627181385510312
1.465172833072781
6.8826185101580135
2.7695868945868947
0.2326786688488816
0.39462218349309097
9.669985775248934
0.6831043674389994
3.877431906614786
0.7864390002474635
25.54
1.8878119699539617
2.663478260869565
2.5675675675675675
1.002524246047562
9.448377581120944
0.4570654439349729
0.04077110569465987
0.39913793103448275
0.2897727272727273
1.011508425811755
1.1598074235129678
4.586764705882353
0.7681250788046905
1.2579108540319837
1.0781080494684314
8.383233532934131
0.6979875702870671
0.051541751069097454
0.9778812572759022
6.274028629856851
4.311432325886991
1.1261884183232498
0.2827929047565247
0.2773824924536438
5.767754318618042
9.583989501312336
0.33002818077444945
72.12345679012346
1.2252288101870275
2.990204081632653
0.5816243772448152
1.1721817932170808
1.7209237618252644
0.5646937370956642
0.06777345802248608
3.024081115335868
1.6915238536359425
0.618704092339979
6.938528138528138
0.4731140437266102
1.1357015985790408
1.706774876499647
0.7874274173188589
4.19533527696793
1.7747145641882485
0.013810542695973546
1.0848181416580769
1.7565774928145037
0.3548985380754964
1.1293417770101708
1.8452611218568666
1.2494447291987014
0.5284704904405653
661.6666666666666
0.29487922705314007
1.4324206866579747
0.9477802037845706
0.5072003905296558
2.236559139784946
1.2508577964163172
0.37642379316579283
1.4056280027453671
0.13519454825236316
1.385443864229765
1.6985248924400738
0.40180813661476644
1.5915963711602739
2.3310297166551486
0.607832713095871
2.3686498234175497
0.25873619409741083
0.23874680306905371
0.17781603541564192
1.3343472750316856
1.7565687789799074
0.8599543329346526
32.571895424836605
8.422141119221411
0.35165913999607307
6.398954703832753
1.0180302772580372
0.9667660208643816
9.404692082111437
7.845977011494253
0.9681767507854464
1.2169169736469254
6.534745762711864
1.5436872909698998
0.6776425940395133
3.1802223522527795
0.5502146946564885
8.316742081447964
2.4229074889867843
1.4535326883611843
2.503750937734434
0.8507028599127484
0.6230569948186528
0.13063499757634514
1.0706896551724139
0.5547274749721913
0.3933807675722294
0.5658302354399009
3.720326409495549
0.8478336221837088
0.35063085063085064
5.3841269841269845
11.957894736842105
1.7354193273733503
0.20521959071050816
1.4588665447897624
2.204081632653061
1.2141092929916641
0.13308499830680665
53.401162790697676
9.72960372960373
0.20736830765916192
3.0021505376344084
0.07159708688070571
5.312831389183457
0.7648495614522038
0.2786575773466177
0.024562152926099957
2.6939655172413794
0.6544521154186582
0.5590062111801242
0.6092838196286472
0.1356513782454535
0.6997265460664703
0.9651556156968877
0.3601813575143352
1.0468452895419187
0.24632539280283833
2.0748451053283765
0.48717948717948717
4.401220084467386
2.8203853325046615
0.8441327098641728
0.12663316582914572
0.9634340222575517
0.6256817055032227
1.5752903907074973
2.6036649214659686
0.12353923205342238
1.0383338364020525
0.160415003990423
2.3969986357435196
1.299078667611623
0.6543742644174186
2.0791575889615106
2.387734915924827
0.7659743142540035
0.3503475464259778
1.5945439045183292
1.2065898819069836
1.6295120983736613
1.4060921475585488
2.743202416918429
1.0368819776714513
0.563019052271617
0.7288098375054897
0.9106135081012198
0.8647318611987381
2.9931921331316187
2.0035694673256454
3.533390410958904
3.343100189035917
0.6795356723620712
1.0340253748558246
1.770812928501469
0.00829410446088321
3.676283411115825
1.8527472527472528
0.9538873150771168
1.1089313371192566
0.004432855280312908
1.5881488736532812
4.825581395348837
2.4660493827160495
5.037958929682638
0.4052132701421801
0.9953203743700504
0.8140405213575945
1.652391799544419
0.7272334915839448
0.3428005284015852
0.9887760555852485
0.06148213609392753
0.2149352920601609
0.07200993240446958
0.22674418604651161
2.659366576819407
2.9103690685413004
1.9035812672176309
2.4653896386591208
1.3975344220300994
0.2011518471695463
1.9624157594608604
1.0200309757356738
6.05050505050505
1.712614606386342
0.728050519454064
0.6243508366993653
1.7411167512690355
0.2638703527168732
0.13841678150359824
1.2650988776055585
3.7601935038009677
0.3447599261311173
0.02673545966228893
0.5959521034226979
1.774799541809851
1.9988165680473373
2.2610396869759644
0.8094435075885329
0.10272471030378955
0.8484336609336609
4.7671680837148465
0.5823095823095823
4.957813998082455
0.6575161963324915
1.4928817946505608
0.8198133524766691
15.23076923076923
1.4590454692034827
0.05730451182358915
0.6904838709677419
1.3347257031467559
0.8793516100957354
1.961159420289855
0.1705263157894737
1.4691780821917808
1.6776251226692835
4.010670731707317
0.7991507430997877
0.21809420177211256
1.8764634638675817
1.073564309444708
5.913209955328654
1.566772655007949
0.7976673427991886
0.5212620027434842
0.9269314303443996
0.36215435410647956
1.5572378986005964
1.855501130369254
1.6722689075630253
0.13476738369184593
0.28370640291514837
0.8667763157894737
3.1708509944571244
5.3828616352201255
0.7285664294879272
0.7877269032782444
3.695757575757576
4.540759178593653
6.119722747321991
0.777989518818485
2.4272727272727272
2.379019504480759
4.215492957746479
0.9336879432624113
0.30676883780332054
1.0792764032987496
1.7200158856235108
1.3838227717671303
4.277777777777778
0.05689465312614707
1.8927219183845183
0.9052707581227437
1.3807157057654076
1.5415131151094732
1.4121226304703955
0.3247172859450727
1.6433893974877583
1.0230460921843687
0.8397704173143609
2.18279833374173
0.16290480863591755
0.20189742069374444
0.7481751824817519
0.8328237740002445
0.5368992797260598
2.8612099644128115
1.328782172002511
0.7542113323124043
0.8997718097244164
8.5357833655706
0.9141221374045801
0.6803007518796993
0.7109752172513679
2.691338582677165
0.8468290270738039
0.7336312081113593
1.375640826471959
2.09778812572759
1.3581330868761552
1.321863580998782
0.7342621259029928
0.1887844979448033
2.2321924144310823
0.2247243360770306
15.606818181818182
1.4137831603229527
0.638626109736574
1.0205575455536522
0.574937203460787
0.6953280839895013
1.991222366710013
0.3468557479948855
0.7421576128538638
0.2363496044761721
0.44692920257445184
2.299191374663073
0.34307304785894205
1.081731938701046
1.7837455830388693
1.0096319229446165
0.27505330490405117
1.1107480029048657
0.7325666301569916
0.5544890726520969
3.005254515599343
0.42812758906379456
7.825618945102261
0.029501837484687626
4.565462224307836
0.46815389589395406
0.16943127962085308
3.9762863534675614
2.5436363636363635
0.1823966065747614
1.158461824261564
11.76595744680851
0.13573015552413653
0.8069762465225765
0.7546484291515281
0.8257817485641353
2.08974358974359
0.40480632064084277
1.1287207452851624
0.005406733841238634
4.533974744437763
0.5033548707753479
1.2151799687010956
4.159400544959128
1.0026656511805028
1.4429286824382663
41.0
0.4749207533097147
1.2130954384783705
0.5706113108859104
0.9067017082785808
15.613259668508288
0.9902128700758502
0.7926978307363275
1.6210720887245842
8.645530145530145
1.1690930946974756
0.0043023970497848806
0.09102354274203701
2.6333932853717026
1.2590673575129534
4.073260073260073
0.33568176891393886
1.4183100618972218
1.3542435424354244
0.19155154091392135
0.264945792462571
0.45716935203431086
11.403773584905661
0.3832380004973887
2.5652173913043477
0.7103658536585366
2.272203552568411
1.3523588553750967
2.0940580118276544
0.39291947145350287
2.492963103841765
1.964071856287425
0.3290337180357547
3.560410164957646
1.3772290809327847
0.28591628959276016
0.238562091503268
1.1638618246235606
0.86579251831855
1.177579963789982
0.6592370979805535
4.976240760295671
0.6376088341473773
0.9152601969057665
0.22737115634473798
0.2675289312457454
2.9826247689463954
4.040238450074516
0.15268662838392125
1.360146252285192
0.3899025502799088
0.6748031496062992
0.11347368421052631
0.18223102002794597
3.9290809903483006
0.4536648836200665
0.47164508682123857
1.6584022038567494
0.29467186484730346
9.448096885813149
0.05978000956480153
0.9792420694060038
1.3237319974953037
0.1261448073267669
3.4633333333333334
2.7800324675324677
10.420731707317072
0.5051094890510949
4.242543859649123
3.2005649717514126
3.9640021175224986
1.2095911348872754
0.3081422554983622
0.2657510080645161
2.049645390070922
0.18232662192393737
3.527969348659004
1.8915432393693263
2.9160636758321274
1.1167238842569887
1.2535736482287134
0.1929637526652452
0.9642487046632124
0.6197183098591549
0.793859649122807
1.5566454144188329
0.25903681459237016
4.700293829578844
0.23066890255263647
0.5755337448143276
1.0802556048954837
0.540499784575614
3.0312399355877617
0.8986195971939352
0.3747060799462546
6.532258064516129
1.0931237721021612
3.4487130234344985
0.22937667146677637
0.6241889868574281
1.101691958834816
0.5314915545376467
1.7778653012997243
1.2469567650762559
2.5775382475660638
2.7078449053201084
1.9552739470741707
0.5093543653705063
2.1176029962546816
0.2777496839443742
8.485294117647058
1.6365634365634365
1.558864751226349
5.068398268398268
1.0149536647009267
0.051217765042979944
1.5950248756218905
0.2606959498003423
1.9586695532375518
0.31007972665148065
2.346049046321526
2.027204783258595
4.464025500910747
4.470868014268728
0.7618089262460045
0.9525746708061236
0.18687707641196014
0.24223912230395211
0.21017907634307256
0.5739354838709677
0.7762979405598718
1.2374903772132408
2.464391691394659
0.6238231682357757
0.24507799892415277
5.214939024390244
1.7513375203535706
0.7887383573243014
0.9894511950861263
0.00560965283657917
2.8609625668449197
0.5867330375500487
0.1474514563106796
1.1417653802063432
0.7520226537216829
5.522388059701493
0.966358839050132
1.6424346498759779
2.9597388465723613
0.6898395721925134
1.2651076638110674
0.16837955793326764
2.2270875763747453
10.610034207525656
1.5236733396885924
4.554790894653256
0.3972207182818986
0.34976851851851853
0.9953003377882215
1.431390977443609
1.1994355597365944
0.8071362657643802
7.731543624161074
0.6253904506916556
1.0412337662337663
0.22791293213828426
1.5298333631965597
0.7317200557103064
14.044444444444444
0.8163004053765734
0.5416433761878144
0.659294481919717
0.7615121344119478
1.9980943306336352
0.25031977487848556
0.9918341033630601
0.7246295778585407
2.025172117039587
8.887581699346406
2.188540245566166
0.2891990443857664
1.0498305084745763
1.867752936718454
0.6507603565810173
1.2716862296020612
1.1804018040180402
0.48468002585649644
1.009814049586777
0.8926340601060695
1.621217159960093
1.260369609856263
1.0155370687545877
6.453852021357743
0.05969094030905969
4.347607052896725
0.5302042590178183
1.9672544080604535
0.4402246043899949
0.757634679171909
1.489255130069478
0.31142857142857144
0.4074074074074074
1.2156054931335831
0.9366249078850405
0.570133509147849
22.074468085106382
1.022586678175802
2.3652062679884875
0.4744875708678587
0.7508497620666214
0.7467532467532467
3.3982737361282367
0.9441182425592225
1.8179558011049723
0.7403946002076843
3.63327239488117
1.0737913486005088
1.713711886069016
0.12950340798442064
0.21887612542688606
1.6921787709497207
0.5174203113417346
3.43855421686747
0.6501910219675263
1.460523560209424
0.06166451056489866
3.2719685812469317
2.8355596499309073
2.47728965003723
1.307510101713808
1.3008092125739183
1.4396923076923076
0.2054470100651273
0.4944144144144144
3.7315973960941413
1.0036420395421437
1.0849480968858132
0.9180576631259484
2.3992449268522886
1.5034924330616997
0.2291011942174733
0.2035470390378147
5.199859254046446
0.6858324439701174
0.9164775796866559
0.10287778166142375
34.988188976377955
0.5914321118782085
7.88560157790927
0.11242672919109027
2.309844559585492
0.5559191964789527
5.558490566037736
0.8191027496382055
0.690846286701209
1.2613318410744263
0.6751183231913455
0.4390074854449681
1.8122866894197953
0.15849731663685152
0.5433158040409631
0.023029414843504657
15.30901287553648
0.4808951965065502
0.775811209439528
1.3919136597938144
0.4401878398418191
0.4998249912495625
1.3131962296486719
0.2999636847839245
0.4435452793834297
2.621409214092141
5.156536219816819
0.09635281945162959
0.2390343014222541
0.6431581905029503
1.181373348556516
0.08359809372517871
7.47071129707113
1.1892690513219284
3.9428097803564026
0.7468766974470397
7.159375
0.26041126663210645
0.7762622636994496
0.6131756756756757
0.39762611275964393
1.1771666133674448
2.3829662261380324
0.14060803474484257
1.0373314065510597
4.3668555240793205
0.21946360153256705
1.8305911029859843
31.386861313868614
0.8001668752607426
0.8866028142367269
0.4363321371117436
0.12346505916499219
2.6161524500907443
0.3356090549766439
0.8964132762312634
0.48854076008123004
1.3910371318822023
0.1674237508111616
0.7036760310818888
1.4211224038886434
3.2769929364278507
1.5788647658906618
0.2880546075085324
1.3610796098888638
65.87272727272727
331.32
6.325418994413408
0.657822305405703
0.4686651717219403
0.9449208443271768
1.3891716797778806
0.7982444648237914
0.8714511041009464
0.864837976122797
0.4301509039294786
1.6413255360623782
1.1005329457364341
1.0027234463976231
1.4467795585122467
1.535631113181183
0.38393993382540087
0.2606924643584521
1.2088471023427867
5.811919504643963
0.9747722494744219
1.189878892733564
0.5573313510499907
0.06324031319012247
2.2458701498271227
3.0879007238883145
5.107736389684813
0.8736377025036819
7.166666666666667
0.024087123638693145
1.0802568218298556
1.1911508824260502
1.2863870493009566
40.2008547008547
2.038397328881469
0.3508660416335611
0.8696913196602445
0.32366553532860226
0.03240817683230846
1.001566505269154
12.055900621118013
1.7235718975705843
1.219296024309952
1.3201970443349753
0.388021534320323
1.2958793969849247
0.41650422352176736
0.5957551826258638
0.04506033182503771
2.5260257195345988
0.4379268782643632
1.6317801672640382
1.054164446812289
0.9242050921037194
1.2740617180984153
0.1670251803112742
1.8401508011310084
0.8373558594797533
0.37987630827783064
1.145812053115424
1.0166210814222596
0.12308177422745428
0.09435537742150969
1.433682514101531
1.5315036722071897
0.8433866776090823
1.1956329300678665
3.9416216216216218
1.396457191058625
0.5162403891416915
0.7358829568788501
0.3183089139917235
0.8997015915119363
1.4156918112141992
0.05802366618227112
0.08514638732205211
3.4279731993299833
10.890547263681592
15.549019607843137
0.04243100973041952
0.1618334892422825
6.1592806679511884
1.1437752478883585
0.9316177793773619
4.135620052770449
2.6769230769230767
0.3573782497253753
0.053831231813773035
3.5332621842760585
0.6454500248632521
0.1581786793267156
2.1290523690773067
0.6171296296296296
1.356306392781724
12.191655801825293
0.3965654952076677
0.7954183900731785
3.3926325247079965
0.793115048217089
1.9452554744525548
1.0858133142105892
1.0088838966608802
0.03286459156264813
0.9305597427394232
0.43121149897330596
0.42657888864092836
0.13338310314794077
1.2077842098780638
0.5584472389283761
0.1383076923076923
1.6232902033271719
1.8931297709923665
0.6996436208125445
6.922431865828092
6.335616438356165
0.8379577101598762
6.459030837004406
8.792415169660678
0.4096770377380812
0.7564059148888136
1.0049057578104827
0.6128360469519122
0.8910400720396218
2.6167166167166167
1.2046984672682997
0.2466248794599807
0.3185821224130339
3.5063054647361045
0.5855975485188968
9.834437086092715
4.2989021956087825
0.8244727209342863
0.5728878484783997
0.9986468200270636
0.7466578424884183
0.3673352435530086
0.33581641235131565
1.5176972281449894
1.7344582593250444
0.2335206949412366
0.4960747663551402
0.987958115183246
1.0587401777663275
0.7512615985674752
5.335286458333333
0.9558680892337537
1.9248730964467005
1.64341620626151
1.5722094868629872
0.8601780074648292
0.27795600366636114
3.786114221724524
0.8831516148940547
0.4437359782737041
0.48154629335030225
1.7987117552334944
0.19934963947405626
1.1844827586206896
1.8191180353842091
0.6059870550161812
1.5756887247940925
2.2261656228253304
89.57692307692308
1.2935137657489502
48.81967213114754
0.5100885320156475
2.6551181102362205
0.36000665446681085
1.014807639081096
0.08664465444608904
1.6741573033707866
0.3008218515832729
0.14565672134757238
1.8419936373276777
0.08046490835940992
0.8894356955380578
4.761937716262976
1.6241920590951062
0.9379460130313373
1.922403308197519
1.0557286892758937
0.8007569011576136
0.33644630130253134
0.7542751907392792
1.7495425899573085
1.044615572668378
0.5750180208011534
51.22352941176471
0.5552147239263804
1.1882566585956416
2.20072202166065
1.131911532385466
3.3671875
1.738131409039119
0.4377142857142857
4.66943359375
2.283422459893048
1.1241328413284133
0.4853963838664812
1.7271407837445574
1.8855721393034826
3.4645441389290883
2.131837949187457
0.5037969190713821
0.33776511554289335
0.9266304347826086
0.7308612440191388
1.1432734337056825
1.1305038583749432
0.41440880307277067
3.203152991759226
1.0242455956741672
2.2167487684729066
1.3888532991672005
3.4622129436325677
1.1298717165546732
1.223370969936063
0.5915449811089554
0.3195147960543855
8.933333333333334
1.6243370654095464
0.22902270483711748
0.42972072175611997
0.04821802935010482
0.3059000375798572
0.851655087862689
1.7912867274569402
0.3642289348171701
1.6587844440101622
0.9095788604459125
0.8362573099415205
2.810199257007768
0.8641231593038822
1.0788690476190477
2.018063028439662
2.655613020991786
1.8708620124549329
1.1250437215809723
0.3398911160603811
1.6101167315175098
0.46612665684830634
2.141184573002755
0.9823229584643748
0.663387864982398
3.4714959279897126
0.5490984405458089
2.3534504081127876
0.33800857772110815
0.8422647747623639
0.3520710059171598
14.420408163265305
1.5141015310233683
0.16981648863325116
0.5489827856025039
2.5722926267281108
1.0109262478271666
0.152410409556314
29.37910447761194
0.9818089944416372
0.9757064947942489
0.5242047026279392
3.4170305676855897
1.5953337158156435
2.645596590909091
0.3945020149683362
4.169758291174817
1.280565847086561
1.3054928517682467
1.0790786036570885
0.7811120032115616
0.7489275801160736
0.17715736040609137
0.33755274261603374
0.42791162152040946
0.05811138014527845
3.8417391304347825
6.968866749688668
0.07415844090103771
0.6450433510916118
18.24561403508772
0.8479171801824008
24.179372197309416
0.2755140898705255
3.5929160601649683
0.03602255725630107
0.11814510876644523
0.7336473050758765
0.3033153430994603
0.22931206380857427
0.37789641072239893
0.8310526315789474
0.14382661996497373
1.0291532690246517
1.2727936879018118
9.246013667425968
0.03384872544922691
20.436708860759495
1.1901248581157775
5.844184345281638
0.08435507601765571
1.2031558185404339
3.6442379182156133
1.2850280224179345
0.8538591311682834
0.0875566098770757
0.735969608012433
0.7918712493180579
0.9966406718656269
0.925215723873442
11.22439024390244
1.543222683264177
0.5887850467289719
0.7184454480627526
0.5771114739498293
1.101057579318449
2.872540115046927
0.6690510252742012
2.7114583333333333
0.372
0.5379650275789226
0.9614601284662384
0.28599256242252524
0.37635334645669294
2.103789126853377
0.17333614153327717
0.15270708005552985
2.031809563935117
0.9456308438185386
0.25569490657793703
1.1200317064885064
2.1026482818997594
0.38817005545286504
487.5
9.680981595092025
0.2700892857142857
0.6266283524904215
0.03192426243945398
1.9335388831791709
0.6952124072825354
0.9431475903614458
2.3446510374562113
3.086737900691389
0.22376754004718738
0.4968163538873995
0.38904109589041097
1.3542345276872965
0.7393266227004512
0.49607182940516276
61.756410256410255
3.3448028673835126
0.5849893541518808
2.299352362676901
1.991533396048918
3.847448711204629
0.09808963997060985
3.651817116060961
0.5612124393124261
1.223529411764706
4.331174838112858
0.4544132917964694
1.218844188179793
0.7132292522596549
4.202097235462345
27.412280701754387
1.6798434442270058
2.789892106757524
0.09884596086302057
0.1448294531672983
5.052599758162032
0.03142234192638194
1.2715049877114355
0.33810248604769155
1.6777408637873754
70.109375
1.9139424420229114
0.2946672743846855
4.758112094395281
0.8578598315110235
1.594212358572672
1.477445652173913
1.2084548104956268
0.8822321536417441
0.04348766767633059
0.9862366752125219
0.7564734895191122
0.815653964984552
0.7660269497754185
0.0650759219088937
0.7899827288428325
0.34337024034566566
30.425
2.413350449293967
0.3981626708492046
0.12698412698412698
0.657516620201587
7.16579223504722
0.16394148020654045
3.261662198391421
0.9526441265713047
0.5206585570469798
0.27059182428309947
7.602819237147595
1.0409193801149226
18.13678373382625
0.155902004454343
1.0218643817402866
17.985714285714284
0.7283183804922936
0.008715651858128556
1.6776357157828548
1.9833887043189369
1.1473788328387735
0.742053076698746
0.1784621270084162
2.5885956644674835
14.11661807580175
0.8520276100086281
2.463467358408993
0.5823911028730305
6.029934518241347
0.41907079133356506
2.710075667064914
1.6397328162034044
0.16488200436635825
1.1915247727563691
0.7534416470296416
0.03237041589838148
0.048990116029222174
1.1351568785197104
2.650449497620307
0.25684039087947885
0.8996471971775775
1.0786420283626987
0.7012356109409652
0.49873417721518987
11.658349328214971
1.3356751440213572
1.6719931271477664
9.417840375586854
4.712153518123667
0.828508878618341
1.1229650703334915
5.531551596139569
1.166545718432511
6.777777777777778
1.2395379662942625
1.845762336800177
1.9480048367593712
0.9859340081503878
0.1706422018348624
1.0352454594497393
0.8283985991722381
0.7596554598499583
27.054054054054053
0.6514851485148515
0.9248247522359198
0.2925635009690911
0.483206106870229
3.254653130287648
3.072520966946226
1.41186848436247
2.7494949494949497
0.7644119907763259
2.047487575924903
1.1204232049453162
2.83102766798419
8.763819095477388
2.090909090909091
3.3579892280071815
1.2091655266757866
0.22757927966709715
1.4564286937168294
3.9323361823361824
0.917144748455428
0.5682487725040917
0.8191823899371069
0.7133800467133801
4.085373924553276
1.8618272274988692
0.5444029850746268
2.7185122569737956
0.7630421118793211
1.0892205638474295
0.1038068086533624
1.0193592365371507
3.6710254645560907
2.38515625
1.0239185750636133
2.2853548062405635
1.521505376344086
1.4854156538648517
0.09167379526660964
1.334741144414169
3.0005192107995846
0.5475785896346644
0.12971993869304724
1.464420218037661
1.064433461468058
13.346590909090908
0.1601489757914339
4.416
0.7062335559603319
0.7586720578846563
0.05636336381352121
0.786790592874243
3.525581395348837
57.926829268292686
2.271287128712871
0.1920511000709723
1.3184810126582278
3.910179640718563
0.9579293344289236
0.5371520128179451
0.041166204701775996
1.1632783736193373
7.354166666666667
0.8598994974874372
0.4521760213359195
0.5077939681463911
0.5877417519908987
0.739542225730071
0.05775480059084195
0.6853614091921442
2.3100746268656716
0.9986361156573923
0.11211369275885405
2.055100685992476
1.403802964515646
2.161587526576896
35.06382978723404
2.0538389513108615
0.017366136034732273
1.954
0.7233975371013578
2.7575596816976127
0.8607573442010528
24.05699481865285
0.2478996432270687
0.04320469798657718
0.20537929233581406
1.9167175106772423
1.4482272005644734
0.2323261117445838
0.4214255045083727
0.9497699386503068
0.31976920740965686
1.1038884812912693
0.6156435110393107
0.40360593919396653
1.1947016094573422
0.4886404615939416
0.36531365313653136
0.057073220270133035
4.961538461538462
0.7178517397881997
0.7720286885245902
0.4226849315068493
0.3522405835938663
0.9848622464426279
59.83916083916084
0.4283005860048259
0.8601511879049676
0.9930746268656716
0.2677201419901523
2.958936385055537
3.096513390601314
2.6471794871794874
1.7255394929813535
1.869428185502026
1.0714668094218416
0.09555329260013577
2.2811103269818864
0.14427636035222396
4.36986301369863
0.4305613741097612
2.081112398609502
0.4299557973478409
1.6540162980209545
1.0676625659050967
0.8654846335697399
0.7052907739396589
0.6772394562565354
0.22596491228070176
5.063931297709924
0.6680992652155829
64.78846153846153
1.4773781902552203
0.4901384809064205
0.2758716104039845
2.0110661268556007
3.7910863509749304
0.0765071099539355
